10650,theroot.com,2.358974358974359,39
10834,fatherly.com,2.5294117647058822,17
12229,mansionglobal.com,2.2857142857142856,14
12344,greatandhra.com,2.2,20
13238,metrotimes.com,2.642857142857143,14
14254,forvo.com,1.9411764705882353,34
14853,riverfronttimes.com,2.8,10
15499,multiplayer.it,3.111111111111111,9
17066,bloomberg.co.jp,2.730769230769231,26
19632,rtl.be,1.5238095238095237,21
20878,polskieradio.pl,3.0,17
21074,polsatnews.pl,3.066666666666667,15
21299,vogue.it,2.4166666666666665,12
21475,sudinfo.be,3.0,7
21610,bouyguestelecom.fr,2.8333333333333335,6
22514,technical.city,2.074074074074074,27
2313,pcgamer.com,2.1739130434782608,23
23787,apotheken-umschau.de,3.0,3
2390,tomsguide.com,2.0476190476190474,21
24996,aol.ca,1.0,1
24997,residentportal.com,3.25,28
26799,gelderlander.nl,3.0,11
26814,finofilipino.org,2.6363636363636362,11
26892,theblast.com,2.3333333333333335,9
27516,radiozet.pl,2.823529411764706,17
28449,consentmanager.net,4.0,2
29298,idealhome.co.uk,2.35,20
29333,fileinfo.com,2.25,8
30380,belgiantrain.be,3.3333333333333335,6
30790,polovniautomobili.com,3.508771929824561,57
31833,ontvtonight.com,3.142857142857143,7
31847,playtech.ro,2.8421052631578947,19
32876,novinite.com,2.090909090909091,11
3338,bittorrent.com,2.5714285714285716,7
34758,animedigitalnetwork.fr,1.8,5
34911,goalcast.com,2.1,20
3701,appboy.com,3.05,20
3741,libero.it,2.7777777777777777,9
37693,arabic-keyboard.org,2.3333333333333335,9
37776,internazionale.it,3.4,10
38751,expres.cz,2.590909090909091,22
39069,golfmonthly.com,2.2142857142857144,28
4024,fundingcircle.com,3.2058823529411766,34
40406,player.pl,2.6666666666666665,15
40476,cltampa.com,3.2666666666666666,15
4073,prnt.sc,2.2857142857142856,7
41161,petitfute.com,2.590909090909091,22
41749,matchendirect.fr,2.4166666666666665,12
41866,businesstraveller.com,1.5945945945945945,37
42250,domusweb.it,1.6022727272727273,176
42649,tasteofcountry.com,2.1,20
43320,dhakamail.com,2.9411764705882355,17
44560,dikaiologitika.gr,1.9047619047619047,21
44934,glomex.cloud,2.0,6
46006,oeamtc.at,0,0
46820,sa-venues.com,2.3636363636363638,11
47008,houseandgarden.co.uk,2.5384615384615383,13
47683,darkhorizons.com,4.0,3
48440,congstar.de,4.5,2
50475,allthetests.com,4.178571428571429,28
50617,unbxd.io,3.9444444444444446,18
50739,politics.co.uk,3.263157894736842,38
51196,laola1.at,2.7777777777777777,9
51482,fold3.com,1.75,4
53115,keyingredient.com,2.125,8
53207,brt.it,2.888888888888889,9
53252,gdgt.com,0,0
53505,racingnews365.nl,2.5217391304347827,23
54186,michelinman.com,3.25,8
55084,boerse.de,2.6363636363636362,11
55289,southern.edu,3.25,24
56821,debka.com,3.176470588235294,17
57170,mycast.io,3.272727272727273,11
57467,popcrush.com,2.0,22
57953,marketingdirecto.com,1.2142857142857142,14
58743,cxymm.net,3.074074074074074,27
59852,pgadmin.org,2.3,10
6159,manualslib.com,1.6666666666666667,6
61849,femina.hu,2.388888888888889,18
62091,visolit.no,4.857142857142857,7
62137,bcbg.com,3.530249110320285,281
6295,dowjones.com,2.933333333333333,45
64606,playerassist.com,2.5,2
64805,uws.ac.uk,2.2857142857142856,7
66257,protvplus.ro,2.6153846153846154,13
66662,routeyou.com,2.0,6
66849,greedyfinance.com,3.52,50
67234,liveandletsfly.com,4.074074074074074,27
67366,gg.pl,2.2,10
6741,mic.com,2.5294117647058822,17
68359,sports.fr,2.923076923076923,13
68814,canalsur.es,2.230769230769231,13
69287,neustar.com,3.25,20
70723,desafiomundial.com,1.8048780487804879,41
70845,allbusinesstemplates.com,2.125,8
71655,kbizoom.com,2.0,7
7170,radiotimes.com,2.3,10
733,vice.com,2.1142857142857143,35
75505,getwair.com,3.2857142857142856,21
76164,cosmopolitan.co.uk,0,0
77183,peoplemanagement.co.uk,2.4,15
77523,aviationtoday.com,3.0,34
7757,natlawreview.com,2.4285714285714284,14
7785,adthrive.com,3.2285714285714286,35
78115,chords-and-tabs.net,2.125,8
79556,opex360.com,1.5,4
7982,vg247.com,2.5,8
80371,fichajes.net,1.608695652173913,23
81939,foxytunes.com,0,0
82288,angrybirdsnest.com,2.090909090909091,11
8263,nintendolife.com,2.7,20
85112,economiadigital.es,3.230769230769231,13
85243,logos-world.net,2.4285714285714284,7
85314,xfreehub.com,2.066666666666667,15
8619,bloggersdelight.dk,2.35,20
8834,wyborcza.pl,2.5833333333333335,24
88449,traceparts.com,2.7142857142857144,14
90450,themexpert.com,3.0,9
91299,askanews.it,2.7142857142857144,7
92340,axelspringer.com,3.1,10
93100,ekonty.com,2.8,5
93550,borussia.de,2.8,5
93790,futbolete.com,2.0,9
94048,sempremilan.com,2.25,20
96452,telecomputing.no,4.857142857142857,7
97710,makeitmeme.com,2.0,7
97762,gqitalia.it,2.5384615384615383,13
98885,clipfish.de,2.227272727272727,22
99115,vanaqua.org,0.75,4
99799,ripost.hu,2.533333333333333,15
