12074,journalstar.com,1.2222222222222223,9
13814,nwitimes.com,1.25,8
14480,roanoke.com,1.2222222222222223,9
15205,wetter.de,2.392857142857143,28
15249,billingsgazette.com,1.2222222222222223,9
17124,journalnow.com,3.8846153846153846,26
17975,milesplit.com,1.4782608695652173,23
18057,trib.com,1.2222222222222223,9
18312,pressofatlanticcity.com,1.2222222222222223,9
18428,yoshare.net,2.3076923076923075,13
18728,tvinsider.com,1.2857142857142858,7
19602,qctimes.com,1.2222222222222223,9
21237,pantagraph.com,1.2222222222222223,9
22972,greensboro.com,1.2222222222222223,9
24973,fredericksburg.com,1.25,8
25271,lacrossetribune.com,1.2222222222222223,9
25593,bismarcktribune.com,1.25,8
25608,napavalleyregister.com,1.2222222222222223,9
25864,rapidcityjournal.com,1.2222222222222223,9
26059,wacotrib.com,1.25,8
26213,dailyprogress.com,1.2222222222222223,9
26520,journaltimes.com,1.1818181818181819,11
28538,helenair.com,1.2222222222222223,9
28638,wcfcourier.com,1.2222222222222223,9
32016,kenoshanews.com,1.2222222222222223,9
33122,herald-review.com,1.2222222222222223,9
33415,theeagle.com,1.2222222222222223,9
33530,azdailysun.com,1.2,10
37124,thesouthern.com,0.8571428571428571,7
37190,qconline.com,1.2222222222222223,9
38717,magicvalley.com,1.2222222222222223,9
39363,mtstandard.com,1.2222222222222223,9
39878,bvb.de,3.5,4
40280,auburnpub.com,1.2,10
41280,wiscnews.com,1.2222222222222223,9
41853,tdn.com,1.2222222222222223,9
43055,gazettetimes.com,1.2222222222222223,9
43087,cumberlink.com,1.2222222222222223,9
43178,thetandd.com,1.25,8
44256,dothaneagle.com,1.2222222222222223,9
44569,globegazette.com,1.2222222222222223,9
44620,theindependent.com,1.2222222222222223,9
47303,scnow.com,1.2222222222222223,9
4853,stltoday.com,1.1538461538461537,13
49391,timesdispatch.com,2.764705882352941,17
54495,thueringer-allgemeine.de,2.4285714285714284,21
55210,resultados-futbol.com,2.1176470588235294,34
62172,democratherald.com,1.2222222222222223,9
62731,elkodaily.com,3.5925925925925926,27
63122,kearneyhub.com,1.2222222222222223,9
63805,jg-tc.com,0.8333333333333334,6
63894,pharmazeutische-zeitung.de,3.0,3
64424,starherald.com,1.2222222222222223,9
6548,buffalonews.com,1.6153846153846154,13
65577,columbustelegram.com,1.2222222222222223,9
66073,oanow.com,1.2222222222222223,9
67190,trackwrestling.com,0.8571428571428571,7
69284,nonpareilonline.com,1.2222222222222223,9
70246,lokalkompass.de,4.0,3
75884,fremonttribune.com,1.2222222222222223,9
7899,madison.com,1.1818181818181819,11
80392,nptelegraph.com,1.2222222222222223,9
85798,martinsvillebulletin.com,1.2222222222222223,9
8716,omaha.com,0.8333333333333334,6
92033,godanriver.com,1.25,8
92574,reviersport.de,3.0,11
94043,independenttribune.com,1.2222222222222223,9
9444,richmond.com,1.1818181818181819,11
96228,dailyjournalonline.com,1.2222222222222223,9
9933,tulsaworld.com,1.2222222222222223,9
